camera_matrix:
  cols: 3
  data: [674.2527130161899, 0.0, 660.6684121673508, 0.0, 677.7032239191786, 488.9981314272004,
    0.0, 0.0, 1.0]
  rows: 3
camera_name: watchtower08/camera_node
distortion_coefficients:
  cols: 5
  data: [-0.24581707540118555, 0.0415537089233149, 0.005943695147686349, 0.003696364567802308,
    0.0]
  rows: 1
distortion_model: plumb_bob
image_height: 972
image_width: 1296
projection_matrix:
  cols: 4
  data: [455.7343444824219, 0.0, 695.9412541787642, 0.0, 0.0, 570.7861328125, 503.04387353593484,
    0.0, 0.0, 0.0, 1.0, 0.0]
  rows: 3
rectification_matrix:
  cols: 3
  data: [1.0, 0.0, 0.0, 0.0, 1.0, 0.0, 0.0, 0.0, 1.0]
  rows: 3
