camera_matrix:
  cols: 3
  data: [751.0883689471309, 0.0, 672.0290015728384, 0.0, 754.4309825446229, 482.04752910736215,
    0.0, 0.0, 1.0]
  rows: 3
camera_name: watchtower06/camera_node
distortion_coefficients:
  cols: 5
  data: [-0.2825529310291317, 0.05109172960508534, 0.0006780339949493712, -0.0019289271790897211,
    0.0]
  rows: 1
distortion_model: plumb_bob
image_height: 972
image_width: 1296
projection_matrix:
  cols: 4
  data: [516.39404296875, 0.0, 686.6356124170125, 0.0, 0.0, 646.2133178710938, 481.61835305180284,
    0.0, 0.0, 0.0, 1.0, 0.0]
  rows: 3
rectification_matrix:
  cols: 3
  data: [1.0, 0.0, 0.0, 0.0, 1.0, 0.0, 0.0, 0.0, 1.0]
  rows: 3
