camera_matrix:
  cols: 3
  data: [590.1006061062312, 0.0, 644.1208411941907, 0.0, 594.6345167485907, 446.0869931153444,
    0.0, 0.0, 1.0]
  rows: 3
camera_name: watchtower34/camera_node
distortion_coefficients:
  cols: 5
  data: [-0.2048806912830156, 0.02826855682111316, 0.0019820919528530903, -0.003162342089196325,
    0.0]
  rows: 1
distortion_model: plumb_bob
image_height: 972
image_width: 1296
projection_matrix:
  cols: 4
  data: [395.3455505371094, 0.0, 637.4989701160048, 0.0, 0.0, 489.3248596191406, 430.10935156129926,
    0.0, 0.0, 0.0, 1.0, 0.0]
  rows: 3
rectification_matrix:
  cols: 3
  data: [1.0, 0.0, 0.0, 0.0, 1.0, 0.0, 0.0, 0.0, 1.0]
  rows: 3
