camera_matrix:
  cols: 3
  data: [635.857012882152, 0.0, 668.8460012027541, 0.0, 638.775970958612, 487.8934514976362,
    0.0, 0.0, 1.0]
  rows: 3
camera_name: watchtower10/camera_node
distortion_coefficients:
  cols: 5
  data: [-0.24260661815799248, 0.04341824160025244, 0.005321658297221574, -0.003602140662523276,
    0.0]
  rows: 1
distortion_model: plumb_bob
image_height: 972
image_width: 1296
projection_matrix:
  cols: 4
  data: [438.03900146484375, 0.0, 651.5043530044786, 0.0, 0.0, 526.3759155273438,
    501.91460638211356, 0.0, 0.0, 0.0, 1.0, 0.0]
  rows: 3
rectification_matrix:
  cols: 3
  data: [1.0, 0.0, 0.0, 0.0, 1.0, 0.0, 0.0, 0.0, 1.0]
  rows: 3
