camera_matrix:
  cols: 3
  data: [625.0852329791228, 0.0, 615.1689010463464, 0.0, 627.7942809096919, 506.49025093134225,
    0.0, 0.0, 1.0]
  rows: 3
camera_name: watchtower12/camera_node
distortion_coefficients:
  cols: 5
  data: [-0.2549004995184024, 0.046971995393699215, 0.0017732366908054964, 0.0020693760224182187,
    0.0]
  rows: 1
distortion_model: plumb_bob
image_height: 972
image_width: 1296
projection_matrix:
  cols: 4
  data: [433.6475524902344, 0.0, 624.4545164972988, 0.0, 0.0, 502.6598205566406, 523.8936213675297,
    0.0, 0.0, 0.0, 1.0, 0.0]
  rows: 3
rectification_matrix:
  cols: 3
  data: [1.0, 0.0, 0.0, 0.0, 1.0, 0.0, 0.0, 0.0, 1.0]
  rows: 3
