camera_matrix:
  cols: 3
  data: [885.0265080851439, 0.0, 636.8967482471883, 0.0, 895.6365403609842, 499.751849959416,
    0.0, 0.0, 1.0]
  rows: 3
camera_name: watchtower14/camera_node
distortion_coefficients:
  cols: 5
  data: [-0.4375829088868828, 0.13312350973800363, -0.002457984005688818, 0.004578938243506365,
    0.0]
  rows: 1
distortion_model: plumb_bob
image_height: 972
image_width: 1296
projection_matrix:
  cols: 4
  data: [593.63671875, 0.0, 651.8337398269214, 0.0, 0.0, 753.51708984375, 502.2250929859292,
    0.0, 0.0, 0.0, 1.0, 0.0]
  rows: 3
rectification_matrix:
  cols: 3
  data: [1.0, 0.0, 0.0, 0.0, 1.0, 0.0, 0.0, 0.0, 1.0]
  rows: 3
