camera_matrix:
  cols: 3
  data: [695.2799345440491, 0.0, 661.3559950388519, 0.0, 704.5385622808268, 411.8152270279637,
    0.0, 0.0, 1.0]
  rows: 3
camera_name: watchtower31/camera_node
distortion_coefficients:
  cols: 5
  data: [-0.27310900320407794, 0.05441954151527345, 0.01287025924840418, 0.0021575972658545942,
    0.0]
  rows: 1
distortion_model: plumb_bob
image_height: 972
image_width: 1296
projection_matrix:
  cols: 4
  data: [487.54193115234375, 0.0, 667.9659829707089, 0.0, 0.0, 594.5914916992188,
    404.6771898014449, 0.0, 0.0, 0.0, 1.0, 0.0]
  rows: 3
rectification_matrix:
  cols: 3
  data: [1.0, 0.0, 0.0, 0.0, 1.0, 0.0, 0.0, 0.0, 1.0]
  rows: 3
