camera_matrix:
  cols: 3
  data: [1489.8859109460025, 0.0, 632.4319595350698, 0.0, 1527.7479920865812, 462.2548348281551,
    0.0, 0.0, 1.0]
  rows: 3
camera_name: watchtower01/camera_node
distortion_coefficients:
  cols: 5
  data: [-1.1159462124007513, 1.226665445087827, 0.028009363175867427, 0.04746013962549253,
    0.0]
  rows: 1
distortion_model: plumb_bob
image_height: 972
image_width: 1296
projection_matrix:
  cols: 4
  data: [1143.02099609375, 0.0, 707.9749014720146, 0.0, 0.0, 1338.5093994140625, 477.19136559235267,
    0.0, 0.0, 0.0, 1.0, 0.0]
  rows: 3
rectification_matrix:
  cols: 3
  data: [1.0, 0.0, 0.0, 0.0, 1.0, 0.0, 0.0, 0.0, 1.0]
  rows: 3
