camera_matrix:
  cols: 3
  data: [416.0825709326995, 0.0, 303.2960578410656, 0.0, 415.4405765022992, 238.29234311831416,
    0.0, 0.0, 1.0]
  rows: 3
camera_name: autobot02/camera_node
distortion_coefficients:
  cols: 5
  data: [-0.35584351226801847, 0.0833167842646626, 0.006384326405627791, 0.0008248792931589365,
    0.0]
  rows: 1
distortion_model: plumb_bob
image_height: 480
image_width: 640
projection_matrix:
  cols: 4
  data: [287.6842346191406, 0.0, 288.0522846228996, 0.0, 0.0, 354.77020263671875,
    242.72226528768442, 0.0, 0.0, 0.0, 1.0, 0.0]
  rows: 3
rectification_matrix:
  cols: 3
  data: [1.0, 0.0, 0.0, 0.0, 1.0, 0.0, 0.0, 0.0, 1.0]
  rows: 3
