camera_matrix:
  cols: 3
  data: [631.2220539782744, 0.0, 641.2473683247322, 0.0, 638.192521238727, 465.55033443510337,
    0.0, 0.0, 1.0]
  rows: 3
camera_name: watchtower35/camera_node
distortion_coefficients:
  cols: 5
  data: [-0.25089762551654093, 0.0432746883771156, 0.003583432144402007, -0.00043145379925111624,
    0.0]
  rows: 1
distortion_model: plumb_bob
image_height: 972
image_width: 1296
projection_matrix:
  cols: 4
  data: [430.2695007324219, 0.0, 642.502655785509, 0.0, 0.0, 519.8428344726562, 462.88423009273174,
    0.0, 0.0, 0.0, 1.0, 0.0]
  rows: 3
rectification_matrix:
  cols: 3
  data: [1.0, 0.0, 0.0, 0.0, 1.0, 0.0, 0.0, 0.0, 1.0]
  rows: 3
