camera_matrix:
  cols: 3
  data: [664.8388316710167, 0.0, 683.4623114476609, 0.0, 673.7439529412485, 477.7174495718183,
    0.0, 0.0, 1.0]
  rows: 3
camera_name: watchtower33/camera_node
distortion_coefficients:
  cols: 5
  data: [-0.25196497818788205, 0.04296197079766388, 0.007197504782687956, -0.0032105006834199706,
    0.0]
  rows: 1
distortion_model: plumb_bob
image_height: 972
image_width: 1296
projection_matrix:
  cols: 4
  data: [448.0960388183594, 0.0, 679.129587088155, 0.0, 0.0, 563.2899780273438, 489.6326617207742,
    0.0, 0.0, 0.0, 1.0, 0.0]
  rows: 3
rectification_matrix:
  cols: 3
  data: [1.0, 0.0, 0.0, 0.0, 1.0, 0.0, 0.0, 0.0, 1.0]
  rows: 3
