camera_matrix:
  cols: 3
  data: [2177.0072730733896, 0.0, 646.3815346359321, 0.0, 1754.368315170742, 460.4977440855985,
    0.0, 0.0, 1.0]
  rows: 3
camera_name: watchtower03/camera_node
distortion_coefficients:
  cols: 5
  data: [-2.2605974639612647, 4.411412649163278, 0.04934225615348726, -0.014244272793004043,
    0.0]
  rows: 1
distortion_model: plumb_bob
image_height: 972
image_width: 1296
projection_matrix:
  cols: 4
  data: [1651.170166015625, 0.0, 625.2574266658339, 0.0, 0.0, 1381.2359619140625,
    494.9853072673068, 0.0, 0.0, 0.0, 1.0, 0.0]
  rows: 3
rectification_matrix:
  cols: 3
  data: [1.0, 0.0, 0.0, 0.0, 1.0, 0.0, 0.0, 0.0, 1.0]
  rows: 3
