camera_matrix:
  cols: 3
  data: [605.2995581763255, 0.0, 633.7666739952924, 0.0, 609.0526451624373, 520.7306846030891,
    0.0, 0.0, 1.0]
  rows: 3
camera_name: watchtower32/camera_node
distortion_coefficients:
  cols: 5
  data: [-0.21729768183784537, 0.031581319807313386, 0.0004833794430636505, -0.0032605159799758785,
    0.0]
  rows: 1
distortion_model: plumb_bob
image_height: 972
image_width: 1296
projection_matrix:
  cols: 4
  data: [408.59967041015625, 0.0, 629.5254525303972, 0.0, 0.0, 497.8522033691406,
    541.0703341139597, 0.0, 0.0, 0.0, 1.0, 0.0]
  rows: 3
rectification_matrix:
  cols: 3
  data: [1.0, 0.0, 0.0, 0.0, 1.0, 0.0, 0.0, 0.0, 1.0]
  rows: 3
