camera_matrix:
  cols: 3
  data: [629.6743565139701, 0.0, 617.671370649431, 0.0, 637.32005522735, 518.0125855260616,
    0.0, 0.0, 1.0]
  rows: 3
camera_name: watchtower02/camera_node
distortion_coefficients:
  cols: 5
  data: [-0.23470317322967357, 0.03643081115879979, -0.0021392927811693676, 0.0018711065641474614,
    0.0]
  rows: 1
distortion_model: plumb_bob
image_height: 972
image_width: 1296
projection_matrix:
  cols: 4
  data: [420.2754821777344, 0.0, 631.314034601397, 0.0, 0.0, 525.4092407226562, 529.910659399211,
    0.0, 0.0, 0.0, 1.0, 0.0]
  rows: 3
rectification_matrix:
  cols: 3
  data: [1.0, 0.0, 0.0, 0.0, 1.0, 0.0, 0.0, 0.0, 1.0]
  rows: 3
