camera_matrix:
  cols: 3
  data: [793.5469626408142, 0.0, 683.4398271149371, 0.0, 805.6755135763585, 468.6802841797614,
    0.0, 0.0, 1.0]
  rows: 3
camera_name: watchtower16/camera_node
distortion_coefficients:
  cols: 5
  data: [-0.392035130005142, 0.13633849448204272, 0.0012974200771819259, -3.884411496034816e-06,
    0.0]
  rows: 1
distortion_model: plumb_bob
image_height: 972
image_width: 1296
projection_matrix:
  cols: 4
  data: [590.7045288085938, 0.0, 678.964092195034, 0.0, 0.0, 669.0336303710938, 463.2193712735352,
    0.0, 0.0, 0.0, 1.0, 0.0]
  rows: 3
rectification_matrix:
  cols: 3
  data: [1.0, 0.0, 0.0, 0.0, 1.0, 0.0, 0.0, 0.0, 1.0]
  rows: 3
