camera_matrix:
  cols: 3
  data: [775.7842536723102, 0.0, 657.1095842836479, 0.0, 798.4789757908387, 528.3651683936585,
    0.0, 0.0, 1.0]
  rows: 3
camera_name: watchtower17/camera_node
distortion_coefficients:
  cols: 5
  data: [-0.3354369393864542, 0.0781776256266516, -0.0032335438695216745, -0.0010690849137920734,
    0.0]
  rows: 1
distortion_model: plumb_bob
image_height: 972
image_width: 1296
projection_matrix:
  cols: 4
  data: [520.7725830078125, 0.0, 658.1174518540502, 0.0, 0.0, 674.5523071289062, 541.2769696794021,
    0.0, 0.0, 0.0, 1.0, 0.0]
  rows: 3
rectification_matrix:
  cols: 3
  data: [1.0, 0.0, 0.0, 0.0, 1.0, 0.0, 0.0, 0.0, 1.0]
  rows: 3
