camera_matrix:
  cols: 3
  data: [655.8965562543374, 0.0, 648.2239983819646, 0.0, 680.8526112006898, 428.07253467977444,
    0.0, 0.0, 1.0]
  rows: 3
camera_name: watchtower25/camera_node
distortion_coefficients:
  cols: 5
  data: [-0.2539031912085675, 0.04252297388785817, 0.0016780500141698822, 0.0009370337503384384,
    0.0]
  rows: 1
distortion_model: plumb_bob
image_height: 972
image_width: 1296
projection_matrix:
  cols: 4
  data: [436.963134765625, 0.0, 650.0197823440831, 0.0, 0.0, 563.2448120117188, 403.6713557773983,
    0.0, 0.0, 0.0, 1.0, 0.0]
  rows: 3
rectification_matrix:
  cols: 3
  data: [1.0, 0.0, 0.0, 0.0, 1.0, 0.0, 0.0, 0.0, 1.0]
  rows: 3
