camera_matrix:
  cols: 3
  data: [418.31454491968634, 0.0, 332.90650983314805, 0.0, 419.60251114405213, 225.78002863296118,
    0.0, 0.0, 1.0]
  rows: 3
camera_name: autobot04/camera_node
distortion_coefficients:
  cols: 5
  data: [-0.4046208552387021, 0.11391902118888976, -0.002890180107682776, 0.0007745318066382141,
    0.0]
  rows: 1
distortion_model: plumb_bob
image_height: 480
image_width: 640
projection_matrix:
  cols: 4
  data: [286.3485107421875, 0.0, 337.91116273128137, 0.0, 0.0, 347.83966064453125,
    216.19187078065806, 0.0, 0.0, 0.0, 1.0, 0.0]
  rows: 3
rectification_matrix:
  cols: 3
  data: [1.0, 0.0, 0.0, 0.0, 1.0, 0.0, 0.0, 0.0, 1.0]
  rows: 3
