camera_matrix:
  cols: 3
  data: [439.4361050599134, 0.0, 323.58850600259194, 0.0, 441.1304195343193, 236.71281570298538,
    0.0, 0.0, 1.0]
  rows: 3
camera_name: watchtower26/camera_node
distortion_coefficients:
  cols: 5
  data: [-0.43302884447059636, 0.1375987938430419, -0.005666737389985214, 0.00044381115785324047,
    0.0]
  rows: 1
distortion_model: plumb_bob
image_height: 480
image_width: 640
projection_matrix:
  cols: 4
  data: [303.5157775878906, 0.0, 327.26452761306064, 0.0, 0.0, 371.5452575683594,
    230.7282953345566, 0.0, 0.0, 0.0, 1.0, 0.0]
  rows: 3
rectification_matrix:
  cols: 3
  data: [1.0, 0.0, 0.0, 0.0, 1.0, 0.0, 0.0, 0.0, 1.0]
  rows: 3
