camera_matrix:
  cols: 3
  data: [662.6402261193859, 0.0, 665.1795114288427, 0.0, 664.9610794427116, 470.9453182073893,
    0.0, 0.0, 1.0]
  rows: 3
camera_name: watchtower21/camera_node
distortion_coefficients:
  cols: 5
  data: [-0.24572833339382444, 0.03952593380300524, 0.0013194110326384865, 0.000715785044444383,
    0.0]
  rows: 1
distortion_model: plumb_bob
image_height: 972
image_width: 1296
projection_matrix:
  cols: 4
  data: [437.72589111328125, 0.0, 679.5889136380501, 0.0, 0.0, 555.0613403320312,
    466.3373649091227, 0.0, 0.0, 0.0, 1.0, 0.0]
  rows: 3
rectification_matrix:
  cols: 3
  data: [1.0, 0.0, 0.0, 0.0, 1.0, 0.0, 0.0, 0.0, 1.0]
  rows: 3
