calibration_time: 2020-04-29__15:55:02
dl: 0.16035698429244993
dr: 0.16913155118511894
L: 0.06
