camera_matrix:
  cols: 3
  data: [990.0426943617542, 0.0, 669.8496766216364, 0.0, 1005.8022066388494, 498.4191904280223,
    0.0, 0.0, 1.0]
  rows: 3
camera_name: watchtower36/camera_node
distortion_coefficients:
  cols: 5
  data: [-0.5821468361279507, 0.25745258354591194, -0.02324560572134548, 0.009705660473670497,
    0.0]
  rows: 1
distortion_model: plumb_bob
image_height: 972
image_width: 1296
projection_matrix:
  cols: 4
  data: [706.381591796875, 0.0, 692.6292430335161, 0.0, 0.0, 833.3865356445312, 469.49592313318135,
    0.0, 0.0, 0.0, 1.0, 0.0]
  rows: 3
rectification_matrix:
  cols: 3
  data: [1.0, 0.0, 0.0, 0.0, 1.0, 0.0, 0.0, 0.0, 1.0]
  rows: 3
