camera_matrix:
  cols: 3
  data: [623.0628051745366, 0.0, 649.8857935162774, 0.0, 623.3066055224474, 460.2048010548493,
    0.0, 0.0, 1.0]
  rows: 3
camera_name: watchtower13/camera_node
distortion_coefficients:
  cols: 5
  data: [-0.23594877223513477, 0.041252731086254775, 0.012248996482769194, -0.0031013927296042383,
    0.0]
  rows: 1
distortion_model: plumb_bob
image_height: 972
image_width: 1296
projection_matrix:
  cols: 4
  data: [438.952392578125, 0.0, 639.0233596476028, 0.0, 0.0, 513.2196044921875, 477.387046734475,
    0.0, 0.0, 0.0, 1.0, 0.0]
  rows: 3
rectification_matrix:
  cols: 3
  data: [1.0, 0.0, 0.0, 0.0, 1.0, 0.0, 0.0, 0.0, 1.0]
  rows: 3
