camera_matrix:
  cols: 3
  data: [317.2218888351395, 0.0, 320.3309433985175, 0.0, 317.55487505176484, 237.15081223619933,
    0.0, 0.0, 1.0]
  rows: 3
camera_name: autobot05/camera_node
distortion_coefficients:
  cols: 5
  data: [-0.2475892074015383, 0.03967772616079904, -0.0033093428834889043, 0.002977485055143137,
    0.0]
  rows: 1
distortion_model: plumb_bob
image_height: 480
image_width: 640
projection_matrix:
  cols: 4
  data: [208.15673828125, 0.0, 322.2636491051526, 0.0, 0.0, 259.318115234375, 231.2882235116267,
    0.0, 0.0, 0.0, 1.0, 0.0]
  rows: 3
rectification_matrix:
  cols: 3
  data: [1.0, 0.0, 0.0, 0.0, 1.0, 0.0, 0.0, 0.0, 1.0]
  rows: 3
