camera_matrix:
  cols: 3
  data: [651.1635027833636, 0.0, 652.9969535525024, 0.0, 653.2454986457362, 484.561376295781,
    0.0, 0.0, 1.0]
  rows: 3
camera_name: watchtower15/camera_node
distortion_coefficients:
  cols: 5
  data: [-0.2689585721814342, 0.05139860119729044, 0.0018820730194084331, 0.0012288897535482418,
    0.0]
  rows: 1
distortion_model: plumb_bob
image_height: 972
image_width: 1296
projection_matrix:
  cols: 4
  data: [447.12872314453125, 0.0, 654.4324880773056, 0.0, 0.0, 529.3912963867188,
    488.5567793974624, 0.0, 0.0, 0.0, 1.0, 0.0]
  rows: 3
rectification_matrix:
  cols: 3
  data: [1.0, 0.0, 0.0, 0.0, 1.0, 0.0, 0.0, 0.0, 1.0]
  rows: 3
