camera_matrix:
  cols: 3
  data: [992.8794312330175, 0.0, 653.3782150566377, 0.0, 1013.0680120619887, 495.34204263203475,
    0.0, 0.0, 1.0]
  rows: 3
camera_name: watchtower11/camera_node
distortion_coefficients:
  cols: 5
  data: [-0.5339967322890924, 0.21298485797576824, -0.009029243755157398, 0.0019406484076830446,
    0.0]
  rows: 1
distortion_model: plumb_bob
image_height: 972
image_width: 1296
projection_matrix:
  cols: 4
  data: [692.7938842773438, 0.0, 665.315175871674, 0.0, 0.0, 863.6187744140625, 487.01994766059215,
    0.0, 0.0, 0.0, 1.0, 0.0]
  rows: 3
rectification_matrix:
  cols: 3
  data: [1.0, 0.0, 0.0, 0.0, 1.0, 0.0, 0.0, 0.0, 1.0]
  rows: 3
